67
15
65
71
27
123
63
712
81
91
63
115
87
81
79
900
900
97
61
53
95
45
95
121
95
101
27
67
105
71
85
123
15
51
95
40
109
525
107
55
119
113
87
135
40
93
59
712
103
15
109
111
71
525
712
121
119
109
53
85
53
51
27
115
87
95
337
27
81
87
49
45
111
63
105
93
900
79
127
113
119
71
103
900
712
119
107
53
117
101
115
712
15
45
61
27
111
109
85
113
135
49
337
40
712
53
53
99
71
107
125
123
127
105
27
67
27
45
45
55
525
101
45
135
107
117
53
77
99
97
87
27
525
85
27
107
71
105
75
105
119
123
101
337
712
129
81
117
127
47
115
105
525
103
65
73
150
99
49
103
27
40
61
75
109
47
113
79
61
55
89
87
47
45
55
79
129
105
113
40
117
55
119
59
55
125
111
27
89
71
107
93
97
45
105
337
89
89
87
105
61
95
63
97
119
73
150
55
51
61
115
105
87
99
525
97
107
65
61
73
93
89
97
83
89
129
89
40
73
125
712
75
103
337
105
337
40
85
71
119
127
91
55
15
67
27
40
91
55
712
49
135
63
77
87
67
79
99
95
67
85
113
95
111
75
49
123
107
129
129
91
105
67
63
525
27
525
40
123
712
111
67
47
15
135
119
55
83
89
712
59
45
85
75
117
900
99
113
91
119
712
59
65
101
95
91
97
109
150
83
27
55
85
712
900
85
47
67
150
117
712
51
81
77
93
111
77
111
85
65
103
91
115
89
105
93
89
40
61
45
525
107
115
75
85
40
123
109
51
61
113
127
135
712
79
55
45
89
77
55
71
105
129
55
45
77
55
63
77
121
81
113
27
337
117
111
53
77
61
712
73
83
127
49
85
337
61
91
81
95
111
91
77
125
73
107
125
125
105
83
117
113
40
99
135
105
91
337
85
71
117
150
129
525
107
103
135
712
55
87
40
129
73
150
51
125
97
79
79
105
67
525
712
83
113
93
150
117
129
103
67
53
97
109
87
87
99
99
83
113
47
125
87
85
97
45
85
89
95
63
67
525
55
123
525
900
113
121
55
125
47
67
73
45
111
107
97
49
150
53
127
79
107
45
65
27
117
63
93
85
119
83
73
63
117
127
45
103
83
95
53
49
99
129
49
27
49
83
109
712
81
63
67
77
900
105
67
63
93
63
125
105
119
129
47
71
127
109
91
109
91
51
129
337
89
121
59
73
105
63
71
63
119
150
15
111
73
87
51
77
107
53
117
85
150
55
121
91
51
55
79
93
61
85
105
67
73
47
65
125
53
83
109
99
71
79
115
103
71
127
65
65
59
135
119
525
119
105
105
61
99
129
87
129
119
115
45
125
45
150
337
119
75
73
127
107
75
51
65
75
45
95
135
900
87
73
900
337
525
67
91
81
55
40
900
67
61
77
117
150
85
117
337
81
135
127
59
107
59
15
113
27
79
77
115
337
123
95
91
105
121
111
119
49
51
83
97
49
113
127
79
59
135
27
115
93
15
135
125
111
101
103
91
87
150
125
113
63
99
121
119
125
59
79
123
71
109
712
119
135
51
71
71
51
123
125
712
95
900
67
125
63
40
87
55
87
123
97
77
45
121
63
79
55
117
135
93
65
125
91
77
87
85
111
97
40
109
712
47
71
53
900
125
55
59
47
47
47
67
91
111
95
75
337
135
71
95
75
121
125
107
93
525
123
111
99
97
115
99
525
55
712
53
89
61
49
27
95
125
89
77
337
89
45
59
525
109
127
53
129
83
67
712
117
113
115
97
105
47
15
117
89
55
67
71
65
77
77
123
150
99
337
337
337
65
61
900
121
101
105
525
59
129
75
55
115
47
123
150
91
71
150
51
525
135
47
129
53
83
123
47
45
111
150
75
97
119
47
93
115
55
113
101
123
89
900
47
135
113
45
900
109
119
107
47
99
47
101
61
103
63
712
93
93
77
119
40
73
127
53
111
150
97
97
49
117
47
93
95
125
109
129
135
27
95
127
91
125
49
59
55
85
105
97
712
55
40
15
119
99
525
83
85
107
83
150
525
51
67
83
119
111
63
61
127
900
15
47
61
71
525
87
712
87
83
105
49
83
97
87
127
129
115
119
103
79
115
75
525
113
40
49
55
129
105
81
77
63
97
105
59
712
85
135
71
900
73
87
73
27
53
91
53
71
712
119
115
27
900
73
87
111
101
55
49
81
51
150
89
107
337
87
107
65
129
63
121
47
27
105
97
15
101
79
81
109
67
27
107
83
