4.217727272727271
38715.0
99518

3.036169895678092
76636.0
99518

4.0586111111111105
26607.0
99518

4.813852459016394
40789.0
99518

2.478911077993044
65078.0
99518

2.4065529061102824
76426.0
99518

4.063090909090908
33251.0
99518

4.252269249875807
28957.0
99518

3.537983109786386
73634.0
99518

4.155939393939392
47456.0
99518

4.158181818181817
72273.0
99518

2.5261708892200705
59629.0
99518

2.4036597118728262
75504.0
99518

2.4851604570293095
70500.0
99518

3.5232647789369094
38535.0
99518

2.214878787878788
88311.0
99518

2.3158519622454055
72061.0
99518

4.119393939393938
64219.0
99518

2.707611111111112
28721.0
99518

4.096969696969698
54361.0
99518

2.4645002483854945
70117.0
99518

2.1429185295578725
93173.0
99518

3.3858484848484833
61190.0
99518

2.3998797814207644
75004.0
99518

2.5336969696969702
72368.0
99518

2.2403030303030316
87526.0
99518

5.76348484848485
28479.0
99518

3.690757575757577
51167.0
99518

2.1604520615996026
94854.0
99518

2.43885157586797
77869.0
99518
end